# Question 1:

q1 <- 26 * 36^4
q1

# Question 2:

q2 <- (21 * 36^4) / q1
q2

# Question 3:

q3 <- (26 * 36^3 * 5) / q1
q3

# Question 4:

q4 <- (q2 + q3) - (q2 * q3)
q4

# Question 5:

q5 <- 26 * 36^3 / q1
q5
